NACA 0010                                       
 Alfa =   5.00000 Re =  1000000.000 Xflap,Yflap =     0.000000    0.000000
#    x        y        Cp  
   1.00000  0.00105  0.38189
   0.99818  0.00126  0.28102
   0.99525  0.00160  0.24133
   0.99209  0.00197  0.20584
   0.98868  0.00236  0.18659
   0.98503  0.00278  0.16320
   0.98115  0.00323  0.14910
   0.97706  0.00370  0.12983
   0.97277  0.00418  0.11695
   0.96832  0.00468  0.10651
   0.96374  0.00520  0.09229
   0.95905  0.00572  0.08140
   0.95427  0.00625  0.06992
   0.94943  0.00678  0.06294
   0.94454  0.00732  0.04948
   0.93961  0.00786  0.04361
   0.93466  0.00839  0.03196
   0.92968  0.00893  0.02799
   0.92469  0.00947  0.01874
   0.91969  0.01000  0.01000
   0.91468  0.01053  0.00403
   0.90966  0.01106 -0.00298
   0.90464  0.01158 -0.00910
   0.89961  0.01210 -0.01696
   0.89458  0.01262 -0.02144
   0.88955  0.01314 -0.02960
   0.88452  0.01366 -0.03284
   0.87949  0.01417 -0.04101
   0.87445  0.01468 -0.04553
   0.86942  0.01518 -0.05172
   0.86438  0.01568 -0.05582
   0.85934  0.01618 -0.06377
   0.85431  0.01668 -0.06637
   0.84927  0.01718 -0.07225
   0.84423  0.01767 -0.07756
   0.83919  0.01816 -0.08067
   0.83415  0.01864 -0.08727
   0.82911  0.01913 -0.09245
   0.82407  0.01961 -0.09676
   0.81903  0.02008 -0.10171
   0.81398  0.02056 -0.10656
   0.80894  0.02103 -0.11032
   0.80390  0.02150 -0.11418
   0.79886  0.02196 -0.12108
   0.79381  0.02243 -0.12341
   0.78877  0.02289 -0.12904
   0.78372  0.02335 -0.13307
   0.77868  0.02380 -0.13857
   0.77364  0.02425 -0.14037
   0.76859  0.02470 -0.14671
   0.76355  0.02515 -0.15005
   0.75850  0.02559 -0.15438
   0.75346  0.02604 -0.15935
   0.74841  0.02647 -0.16232
   0.74337  0.02691 -0.16888
   0.73832  0.02734 -0.17176
   0.73328  0.02777 -0.17567
   0.72823  0.02820 -0.17930
   0.72319  0.02862 -0.18440
   0.71814  0.02904 -0.18880
   0.71309  0.02946 -0.19166
   0.70805  0.02988 -0.19726
   0.70300  0.03029 -0.20065
   0.69796  0.03070 -0.20516
   0.69291  0.03110 -0.20880
   0.68787  0.03151 -0.21281
   0.68282  0.03191 -0.21788
   0.67778  0.03231 -0.22213
   0.67273  0.03270 -0.22559
   0.66769  0.03309 -0.22890
   0.66265  0.03348 -0.23452
   0.65760  0.03386 -0.23868
   0.65256  0.03425 -0.24201
   0.64751  0.03462 -0.24709
   0.64247  0.03500 -0.24989
   0.63743  0.03537 -0.25596
   0.63239  0.03574 -0.25752
   0.62734  0.03611 -0.26464
   0.62230  0.03647 -0.26833
   0.61726  0.03683 -0.27131
   0.61222  0.03718 -0.27702
   0.60718  0.03753 -0.28022
   0.60214  0.03788 -0.28339
   0.59710  0.03823 -0.29033
   0.59206  0.03857 -0.29349
   0.58702  0.03890 -0.29750
   0.58199  0.03924 -0.30230
   0.57695  0.03957 -0.30696
   0.57191  0.03989 -0.31115
   0.56688  0.04022 -0.31620
   0.56184  0.04054 -0.31998
   0.55681  0.04085 -0.32373
   0.55177  0.04116 -0.33001
   0.54674  0.04147 -0.33271
   0.54171  0.04177 -0.33895
   0.53668  0.04207 -0.34195
   0.53165  0.04236 -0.34770
   0.52662  0.04265 -0.35306
   0.52159  0.04294 -0.35596
   0.51656  0.04322 -0.36220
   0.51153  0.04350 -0.36582
   0.50651  0.04377 -0.37156
   0.50148  0.04404 -0.37674
   0.49646  0.04430 -0.38011
   0.49144  0.04456 -0.38454
   0.48642  0.04481 -0.39233
   0.48140  0.04506 -0.39485
   0.47638  0.04531 -0.40038
   0.47136  0.04555 -0.40585
   0.46634  0.04578 -0.41045
   0.46133  0.04601 -0.41569
   0.45631  0.04623 -0.42167
   0.45130  0.04645 -0.42608
   0.44629  0.04666 -0.43118
   0.44128  0.04687 -0.43727
   0.43627  0.04707 -0.44114
   0.43126  0.04727 -0.44800
   0.42626  0.04746 -0.45271
   0.42125  0.04764 -0.45804
   0.41625  0.04782 -0.46407
   0.41125  0.04799 -0.47043
   0.40625  0.04816 -0.47418
   0.40126  0.04832 -0.48070
   0.39626  0.04847 -0.48660
   0.39127  0.04862 -0.49267
   0.38628  0.04876 -0.49857
   0.38129  0.04889 -0.50379
   0.37630  0.04902 -0.50962
   0.37132  0.04914 -0.51625
   0.36634  0.04925 -0.52110
   0.36136  0.04936 -0.52950
   0.35638  0.04946 -0.53455
   0.35141  0.04955 -0.54060
   0.34643  0.04963 -0.54700
   0.34147  0.04971 -0.55470
   0.33650  0.04977 -0.55920
   0.33153  0.04983 -0.56619
   0.32657  0.04988 -0.57424
   0.32162  0.04993 -0.58039
   0.31666  0.04996 -0.58683
   0.31171  0.04999 -0.59349
   0.30676  0.05001 -0.60143
   0.30181  0.05001 -0.60785
   0.29687  0.05001 -0.61502
   0.29194  0.05000 -0.62280
   0.28700  0.04998 -0.63011
   0.28207  0.04995 -0.63732
   0.27715  0.04991 -0.64470
   0.27222  0.04986 -0.65265
   0.26731  0.04981 -0.66033
   0.26239  0.04974 -0.66861
   0.25749  0.04965 -0.67737
   0.25258  0.04956 -0.68313
   0.24769  0.04946 -0.69401
   0.24279  0.04935 -0.70264
   0.23791  0.04922 -0.70976
   0.23303  0.04908 -0.71931
   0.22815  0.04893 -0.72814
   0.22329  0.04877 -0.73822
   0.21842  0.04860 -0.74558
   0.21357  0.04841 -0.75604
   0.20872  0.04821 -0.76536
   0.20388  0.04800 -0.77539
   0.19905  0.04777 -0.78631
   0.19423  0.04753 -0.79644
   0.18942  0.04727 -0.80691
   0.18462  0.04700 -0.81670
   0.17982  0.04671 -0.82790
   0.17504  0.04641 -0.84093
   0.17027  0.04609 -0.85293
   0.16551  0.04576 -0.86107
   0.16077  0.04541 -0.87731
   0.15603  0.04504 -0.88783
   0.15132  0.04465 -0.90212
   0.14662  0.04425 -0.91566
   0.14193  0.04383 -0.92750
   0.13727  0.04339 -0.94428
   0.13262  0.04293 -0.95864
   0.12800  0.04245 -0.97303
   0.12340  0.04195 -0.99015
   0.11883  0.04143 -1.00526
   0.11428  0.04089 -1.02234
   0.10977  0.04033 -1.04175
   0.10529  0.03975 -1.06101
   0.10085  0.03914 -1.07762
   0.09646  0.03852 -1.09940
   0.09211  0.03787 -1.12066
   0.08783  0.03720 -1.14210
   0.08360  0.03651 -1.16634
   0.07944  0.03580 -1.18932
   0.07537  0.03507 -1.21541
   0.07138  0.03432 -1.23908
   0.06749  0.03356 -1.26872
   0.06371  0.03278 -1.29736
   0.06005  0.03199 -1.32797
   0.05652  0.03119 -1.35570
   0.05312  0.03039 -1.39028
   0.04988  0.02959 -1.42230
   0.04678  0.02879 -1.45797
   0.04383  0.02799 -1.48963
   0.04104  0.02720 -1.52710
   0.03840  0.02642 -1.56307
   0.03592  0.02565 -1.60126
   0.03358  0.02489 -1.63598
   0.03138  0.02415 -1.67947
   0.02931  0.02342 -1.71304
   0.02737  0.02271 -1.75664
   0.02554  0.02200 -1.79064
   0.02383  0.02132 -1.83225
   0.02222  0.02064 -1.87288
   0.02070  0.01998 -1.91047
   0.01928  0.01933 -1.95363
   0.01793  0.01869 -1.99122
   0.01666  0.01807 -2.03336
   0.01547  0.01745 -2.07328
   0.01434  0.01684 -2.10955
   0.01327  0.01624 -2.15252
   0.01226  0.01564 -2.18999
   0.01131  0.01505 -2.22850
   0.01041  0.01447 -2.26084
   0.00955  0.01389 -2.30148
   0.00874  0.01331 -2.32641
   0.00797  0.01274 -2.36621
   0.00725  0.01217 -2.39894
   0.00656  0.01161 -2.41072
   0.00592  0.01104 -2.45349
   0.00530  0.01047 -2.45599
   0.00473  0.00991 -2.46808
   0.00419  0.00934 -2.48421
   0.00368  0.00878 -2.46787
   0.00321  0.00821 -2.46678
   0.00277  0.00764 -2.44920
   0.00237  0.00707 -2.41065
   0.00199  0.00650 -2.36625
   0.00165  0.00593 -2.30409
   0.00134  0.00535 -2.24228
   0.00107  0.00478 -2.13374
   0.00082  0.00421 -2.05502
   0.00061  0.00363 -1.91325
   0.00043  0.00306 -1.78754
   0.00029  0.00249 -1.63482
   0.00017  0.00193 -1.48528
   0.00009  0.00137 -1.31876
   0.00003  0.00081 -1.13831
   0.00000  0.00027 -0.97356
   0.00000 -0.00027 -0.80199
   0.00003 -0.00081 -0.63575
   0.00009 -0.00137 -0.46232
   0.00017 -0.00193 -0.30407
   0.00029 -0.00249 -0.13014
   0.00043 -0.00306  0.01154
   0.00061 -0.00363  0.16967
   0.00082 -0.00421  0.29094
   0.00107 -0.00478  0.42360
   0.00134 -0.00535  0.52571
   0.00165 -0.00593  0.62492
   0.00199 -0.00650  0.70876
   0.00237 -0.00707  0.77694
   0.00277 -0.00764  0.83572
   0.00321 -0.00821  0.88406
   0.00368 -0.00878  0.92244
   0.00419 -0.00934  0.95107
   0.00473 -0.00991  0.97273
   0.00530 -0.01047  0.98745
   0.00592 -0.01104  0.99625
   0.00656 -0.01161  0.99984
   0.00725 -0.01217  0.99888
   0.00797 -0.01274  0.99409
   0.00874 -0.01331  0.98665
   0.00955 -0.01389  0.97495
   0.01041 -0.01447  0.96247
   0.01131 -0.01505  0.94693
   0.01226 -0.01564  0.93002
   0.01327 -0.01624  0.91173
   0.01434 -0.01684  0.89179
   0.01547 -0.01745  0.87051
   0.01667 -0.01807  0.85073
   0.01793 -0.01869  0.82757
   0.01928 -0.01933  0.80375
   0.02070 -0.01998  0.78281
   0.02222 -0.02064  0.75716
   0.02383 -0.02132  0.73337
   0.02554 -0.02200  0.70911
   0.02737 -0.02271  0.68462
   0.02931 -0.02342  0.66098
   0.03138 -0.02415  0.63612
   0.03358 -0.02489  0.61176
   0.03592 -0.02565  0.58626
   0.03840 -0.02642  0.56334
   0.04104 -0.02720  0.53934
   0.04383 -0.02799  0.51557
   0.04678 -0.02879  0.49325
   0.04988 -0.02959  0.47014
   0.05312 -0.03039  0.44886
   0.05652 -0.03119  0.42739
   0.06005 -0.03199  0.40683
   0.06371 -0.03278  0.38790
   0.06749 -0.03356  0.36875
   0.07138 -0.03432  0.34985
   0.07537 -0.03507  0.33402
   0.07944 -0.03580  0.31730
   0.08360 -0.03651  0.30198
   0.08783 -0.03720  0.28639
   0.09211 -0.03787  0.27371
   0.09646 -0.03852  0.25904
   0.10085 -0.03914  0.24759
   0.10529 -0.03975  0.23487
   0.10977 -0.04033  0.22511
   0.11428 -0.04089  0.21252
   0.11883 -0.04143  0.20385
   0.12340 -0.04195  0.19326
   0.12800 -0.04245  0.18388
   0.13262 -0.04293  0.17709
   0.13727 -0.04339  0.16733
   0.14193 -0.04383  0.15953
   0.14662 -0.04425  0.15309
   0.15132 -0.04465  0.14468
   0.15603 -0.04504  0.13864
   0.16077 -0.04541  0.13249
   0.16551 -0.04576  0.12488
   0.17027 -0.04609  0.12150
   0.17504 -0.04641  0.11383
   0.17982 -0.04671  0.11041
   0.18462 -0.04700  0.10359
   0.18942 -0.04727  0.09991
   0.19423 -0.04753  0.09472
   0.19905 -0.04777  0.09128
   0.20388 -0.04800  0.08692
   0.20872 -0.04821  0.08140
   0.21357 -0.04841  0.07972
   0.21842 -0.04860  0.07383
   0.22329 -0.04877  0.07169
   0.22815 -0.04893  0.06925
   0.23303 -0.04908  0.06483
   0.23791 -0.04922  0.06192
   0.24279 -0.04935  0.05906
   0.24769 -0.04946  0.05826
   0.25258 -0.04956  0.05256
   0.25749 -0.04965  0.05180
   0.26239 -0.04974  0.04860
   0.26731 -0.04981  0.04725
   0.27222 -0.04986  0.04531
   0.27715 -0.04991  0.04161
   0.28207 -0.04995  0.04043
   0.28700 -0.04998  0.03954
   0.29194 -0.05000  0.03675
   0.29687 -0.05001  0.03483
   0.30181 -0.05001  0.03467
   0.30676 -0.05001  0.03258
   0.31171 -0.04999  0.02974
   0.31666 -0.04996  0.03080
   0.32161 -0.04993  0.02763
   0.32657 -0.04988  0.02704
   0.33153 -0.04983  0.02506
   0.33650 -0.04977  0.02495
   0.34146 -0.04971  0.02379
   0.34643 -0.04963  0.02249
   0.35141 -0.04955  0.02181
   0.35638 -0.04946  0.02049
   0.36136 -0.04936  0.02093
   0.36634 -0.04925  0.01877
   0.37132 -0.04914  0.01946
   0.37630 -0.04902  0.01750
   0.38129 -0.04889  0.01653
   0.38628 -0.04876  0.01794
   0.39127 -0.04862  0.01581
   0.39626 -0.04847  0.01553
   0.40126 -0.04832  0.01514
   0.40625 -0.04816  0.01475
   0.41125 -0.04799  0.01475
   0.41625 -0.04782  0.01420
   0.42125 -0.04764  0.01416
   0.42626 -0.04746  0.01283
   0.43126 -0.04727  0.01425
   0.43627 -0.04707  0.01307
   0.44128 -0.04687  0.01308
   0.44629 -0.04666  0.01308
   0.45130 -0.04645  0.01286
   0.45631 -0.04623  0.01249
   0.46133 -0.04601  0.01257
   0.46634 -0.04578  0.01196
   0.47136 -0.04555  0.01320
   0.47638 -0.04531  0.01313
   0.48140 -0.04506  0.01207
   0.48642 -0.04481  0.01322
   0.49144 -0.04456  0.01202
   0.49646 -0.04430  0.01214
   0.50148 -0.04404  0.01446
   0.50651 -0.04377  0.01392
   0.51153 -0.04350  0.01202
   0.51656 -0.04322  0.01469
   0.52159 -0.04294  0.01373
   0.52662 -0.04265  0.01413
   0.53165 -0.04236  0.01446
   0.53668 -0.04207  0.01394
   0.54171 -0.04177  0.01489
   0.54674 -0.04147  0.01553
   0.55177 -0.04116  0.01542
   0.55681 -0.04085  0.01600
   0.56184 -0.04054  0.01609
   0.56688 -0.04022  0.01674
   0.57191 -0.03989  0.01723
   0.57695 -0.03957  0.01646
   0.58199 -0.03924  0.01738
   0.58702 -0.03890  0.01814
   0.59206 -0.03857  0.01787
   0.59710 -0.03823  0.01933
   0.60214 -0.03788  0.02099
   0.60718 -0.03753  0.01926
   0.61222 -0.03718  0.01957
   0.61726 -0.03683  0.02280
   0.62230 -0.03647  0.02018
   0.62734 -0.03611  0.02244
   0.63239 -0.03574  0.02346
   0.63743 -0.03537  0.02262
   0.64247 -0.03500  0.02336
   0.64751 -0.03462  0.02409
   0.65256 -0.03425  0.02563
   0.65760 -0.03386  0.02529
   0.66265 -0.03348  0.02629
   0.66769 -0.03309  0.02740
   0.67273 -0.03270  0.02822
   0.67778 -0.03231  0.02790
   0.68282 -0.03191  0.02867
   0.68787 -0.03151  0.02921
   0.69291 -0.03110  0.03117
   0.69796 -0.03070  0.03183
   0.70300 -0.03029  0.03053
   0.70805 -0.02988  0.03426
   0.71309 -0.02946  0.03345
   0.71814 -0.02904  0.03300
   0.72319 -0.02862  0.03683
   0.72823 -0.02820  0.03569
   0.73328 -0.02777  0.03701
   0.73832 -0.02734  0.03772
   0.74337 -0.02691  0.04000
   0.74841 -0.02647  0.03929
   0.75346 -0.02604  0.04231
   0.75850 -0.02559  0.04072
   0.76355 -0.02515  0.04252
   0.76859 -0.02470  0.04633
   0.77364 -0.02425  0.04384
   0.77868 -0.02380  0.04647
   0.78372 -0.02335  0.04675
   0.78877 -0.02289  0.04891
   0.79381 -0.02243  0.05115
   0.79886 -0.02196  0.05026
   0.80390 -0.02150  0.05356
   0.80894 -0.02103  0.05329
   0.81398 -0.02056  0.05518
   0.81903 -0.02008  0.05802
   0.82407 -0.01961  0.05859
   0.82911 -0.01913  0.05994
   0.83415 -0.01864  0.06129
   0.83919 -0.01816  0.06300
   0.84423 -0.01767  0.06428
   0.84927 -0.01718  0.06719
   0.85431 -0.01668  0.06968
   0.85934 -0.01618  0.07027
   0.86438 -0.01568  0.07072
   0.86942 -0.01518  0.07535
   0.87445 -0.01468  0.07683
   0.87949 -0.01417  0.08095
   0.88452 -0.01366  0.07975
   0.88955 -0.01314  0.08321
   0.89458 -0.01262  0.08765
   0.89961 -0.01210  0.08872
   0.90464 -0.01158  0.09260
   0.90966 -0.01106  0.09670
   0.91468 -0.01053  0.09733
   0.91969 -0.01000  0.10310
   0.92469 -0.00947  0.10745
   0.92968 -0.00893  0.10939
   0.93466 -0.00839  0.11264
   0.93961 -0.00786  0.11979
   0.94454 -0.00732  0.12221
   0.94943 -0.00678  0.13106
   0.95427 -0.00625  0.13313
   0.95905 -0.00572  0.14187
   0.96374 -0.00520  0.14980
   0.96832 -0.00468  0.15453
   0.97277 -0.00418  0.16658
   0.97706 -0.00370  0.17350
   0.98115 -0.00323  0.18282
   0.98503 -0.00278  0.20038
   0.98868 -0.00236  0.21178
   0.99209 -0.00197  0.23393
   0.99525 -0.00160  0.25435
   0.99818 -0.00126  0.29570
   1.00000 -0.00105  0.38189
